# Created by Octave 4.2.1, Wed Jun 28 16:20:10 2017 GMT <unknown@unknown>
# name: J
# type: scalar
2.146359968356722


