# Created by Octave 4.2.1, Wed Jun 28 16:20:10 2017 GMT <unknown@unknown>
# name: Theta1_grad
# type: matrix
# rows: 5
# columns: 4
 -0.009278335455044313 -0.01676797994262559 -0.06017447453751432 -0.01737046597019955
 0.008899242115840084 0.0394334832476092 -0.03196122568413112 -0.05756586550289726
 -0.008360267441566524 0.05933555598651821 0.02492254951667267 -0.04519638626008853
 0.007628328965685738 0.02476409804785584 0.0597717664894306 0.009145881774923184
 -0.006745776573995266 -0.03268807490405791 0.03864129971736326 0.05461022595799153


