# Created by Octave 4.2.1, Wed Jun 28 16:20:10 2017 GMT <unknown@unknown>
# name: Theta2_grad
# type: matrix
# rows: 3
# columns: 6
 0.3145449700538522 0.1186826690765293 0.2039871282110172 0.1256980672305301 0.1763375496758491 0.1322941357169146
 0.1110565882171443 3.819286962407353e-005 0.1171482326471142 -0.00407588279206153 0.1131331422519747 -0.004529644270151428
 0.09741261258733162 0.03369885534974753 0.07548634842529972 0.0169737104671024 0.08616863592000355 0.001566163455271892


