# Created by Octave 4.2.1, Wed Jun 28 16:20:10 2017 GMT <unknown@unknown>
# name: Theta2
# type: matrix
# rows: 3
# columns: 6
 0.08414709848078965 -0.07568024953079282 0.06569865987187891 -0.05440211108893698 0.04201670368266409 -0.02879033166650653
 0.09092974268256818 -0.09589242746631385 0.09893582466233818 -0.09999902065507035 0.09906073556948704 -0.09613974918795568
 0.01411200080598672 -0.02794154981989259 0.04121184852417566 -0.05365729180004349 0.06502878401571169 -0.0749987246771676


