# Created by Octave 4.2.1, Wed Jun 28 16:20:10 2017 GMT <unknown@unknown>
# name: y_new
# type: matrix
# rows: 5
# columns: 3
 0 1 0
 0 0 1
 1 0 0
 0 1 0
 0 0 1


