# Created by Octave 4.2.1, Tue Jun 20 12:29:17 2017 GMT <unknown@unknown>
# name: X
# type: matrix
# rows: 5
# columns: 3
 0.08414709848078965 -0.02794154981989259 -0.09999902065507035
 0.09092974268256818 0.06569865987187891 -0.05365729180004349
 0.01411200080598672 0.09893582466233818 0.04201670368266409
 -0.07568024953079282 0.04121184852417566 0.09906073556948704
 -0.09589242746631385 -0.05440211108893698 0.06502878401571169


