# Created by Octave 4.2.1, Tue Jun 20 12:29:17 2017 GMT <unknown@unknown>
# name: y
# type: matrix
# rows: 5
# columns: 1
 2
 3
 1
 2
 3


